1911 419
63 340
71 358
89 364
102 370
115 378
152 394
174 398
189 394
208 399
222 396
258 397
268 396
285 398
292 425
281 444
301 461
310 475
323 480
330 467
365 457
386 463
388 473
398 476
415 477
418 485
432 476
458 475
471 456
493 463
505 446
525 428
534 410
550 386
554 370
552 348
543 326
530 304
546 282
566 274
556 264
538 266
525 268
520 263
513 256
508 244
521 241
549 220
559 228
549 239
549 244
560 244
568 238
582 235
611 203
623 212
628 198
645 188
648 183
657 192
663 176
664 149
683 144
694 130
698 115
702 96
660 108
654 88
619 72
600 11
571 0
542 6
534 16
543 19
539 35
521 70
507 73
488 62
497 74
484 106
498 108
516 104
530 126
500 132
487 145
454 156
437 164
438 188
407 193
389 195
362 212
323 193
266 189
256 168
203 151
206 118
191 106
178 100
162 84
144 100
137 108
138 121
107 118
101 150
78 156
84 181
75 188
77 197
12 227
0 244
47 292
73 290
77 305
66 314
