1388 -308
161 413
154 396
130 377
104 350
73 347
55 327
29 340
15 357
11 372
30 397
17 417
29 445
26 461
33 484
37 500
28 507
49 528
5 585
30 595
10 609
0 623
3 642
3 655
8 676
39 691
38 705
57 734
48 742
49 756
77 756
77 768
93 777
93 783
109 784
143 809
140 829
129 835
127 844
128 853
119 859
115 871
111 876
136 894
158 916
167 934
189 947
201 963
217 977
233 964
243 984
255 957
244 939
235 920
229 905
226 883
241 866
251 855
218 816
232 788
246 794
245 781
269 763
288 765
308 780
325 783
336 775
356 777
363 786
393 781
374 760
386 734
386 724
490 693
501 715
525 721
525 730
563 716
597 780
612 773
638 780
665 804
682 802
682 810
710 801
741 777
765 789
768 796
781 797
799 797
807 785
807 766
814 758
856 777
861 789
906 792
924 804
945 808
965 806
987 793
1010 791
1025 796
1030 803
1045 798
1049 786
1063 761
1065 748
1055 745
1069 734
1093 729
1113 736
1123 740
1141 789
1143 802
1176 815
1185 836
1205 831
1224 824
1221 850
1213 866
1205 875
1189 875
1185 883
1185 899
1186 906
1198 912
1223 904
1253 877
1272 843
1286 815
1290 784
1299 746
1299 734
1275 714
1263 724
1248 709
1244 687
1319 612
1356 611
1382 611
1391 603
1414 605
1407 619
1448 621
1464 611
1445 595
1460 585
1483 553
1504 553
1515 554
1509 568
1516 577
1550 552
1553 536
1564 544
1552 575
1534 585
1519 602
1496 623
1487 637
1475 643
1469 665
1463 688
1463 714
1467 733
1474 754
1477 776
1492 756
1500 748
1514 728
1521 711
1533 699
1537 679
1548 670
1548 651
1534 638
1555 598
1570 598
1592 592
1620 582
1622 597
1670 568
1709 537
1727 543
1735 534
1731 509
1724 494
1715 482
1739 476
1751 458
1748 440
1752 440
1762 454
1783 458
1789 474
1810 488
1823 491
1828 481
1828 461
1851 450
1857 443
1831 415
1807 414
1807 423
1800 422
1805 404
1771 381
1740 356
1711 335
1670 326
1630 314
1631 338
1634 348
1629 359
1618 349
1606 341
1614 335
1622 330
1610 321
1592 338
1558 332
1505 328
1513 309
1496 290
1470 285
1432 295
1416 282
1400 271
1396 253
1353 238
1322 223
1289 222
1286 241
1278 243
1281 261
1258 262
1227 266
1218 274
1202 254
1185 297
1163 270
1161 227
1150 198
1120 185
1107 182
1090 203
1090 214
1063 214
1040 203
1041 193
1007 186
991 188
978 189
979 178
962 180
958 173
939 179
934 196
916 206
903 206
919 187
938 173
983 124
987 103
986 90
976 64
957 47
924 51
916 58
900 55
914 37
891 31
896 21
894 7
874 0
860 9
846 39
838 61
816 62
815 79
786 80
762 78
734 97
674 132
671 151
675 183
606 193
614 235
628 252
643 271
614 256
598 238
583 231
566 231
558 251
547 238
538 209
502 215
476 224
470 249
469 273
454 282
450 319
457 339
474 363
473 375
449 355
418 339
396 327
364 310
362 327
375 348
375 359
364 359
346 363
323 371
310 377
303 356
287 363
264 372
250 372
203 352
215 326
179 308
166 349
165 376
170 408
