-828 -27
301 58
274 38
253 44
237 41
217 35
188 26
180 26
154 10
124 3
115 0
113 10
105 12
95 15
85 15
80 20
75 26
68 37
61 38
55 45
55 51
49 60
49 60
43 72
35 81
13 79
12 82
12 90
12 99
14 105
35 123
40 127
62 141
76 149
66 157
54 158
37 159
37 149
25 149
23 153
18 157
1 166
1 174
0 181
5 190
18 203
31 202
42 206
56 203
61 194
71 202
74 227
60 234
47 241
39 240
17 272
15 288
17 300
33 314
49 318
61 316
61 342
67 347
83 345
106 349
115 348
103 380
24 432
21 438
28 438
46 424
142 365
161 342
162 324
183 323
189 327
224 307
220 293
257 306
259 320
288 319
308 323
333 350
345 358
363 393
375 422
395 463
418 484
467 523
485 554
495 585
495 638
494 668
493 692
524 742
547 762
576 782
585 777
603 781
617 790
632 800
667 803
670 799
673 792
691 791
712 816
719 825
727 829
750 820
769 848
775 860
790 869
800 872
795 845
819 827
865 821
870 828
884 829
892 819
911 813
923 813
938 823
947 818
959 825
966 836
960 850
978 871
991 875
992 864
992 853
989 836
981 819
977 807
977 798
984 791
988 783
991 775
1003 774
1018 756
1035 744
1039 726
1037 720
1049 698
1058 679
1071 668
1087 656
1099 639
1099 624
1114 613
1141 604
1131 564
1112 563
1099 581
1103 594
1078 602
1046 601
1035 619
1002 621
1003 628
993 639
984 639
975 648
964 652
959 652
963 637
963 597
892 547
887 548
864 549
853 543
835 542
819 533
507 531
415 432
424 412
407 386
395 376
363 323
351 321
344 340
335 336
314 311
308 312
301 310
299 307
300 56
