-529 -28
0 56
1 56
0 308
9 311
15 308
34 335
47 339
53 322
61 323
64 322
73 336
80 344
95 372
112 388
120 400
125 413
117 431
207 531
522 533
538 542
558 541
571 550
593 549
595 546
664 596
664 635
659 650
672 649
684 638
695 638
704 630
703 622
735 619
746 599
783 602
804 594
802 582
815 562
831 562
842 603
857 622
876 614
903 611
911 584
923 584
940 575
979 567
1002 556
994 533
977 524
969 515
969 504
975 484
969 463
963 446
954 438
945 420
927 419
910 395
900 371
883 340
867 307
854 332
843 340
816 316
803 281
784 276
768 252
750 258
710 257
710 268
718 290
713 309
707 343
717 361
727 367
734 385
729 404
701 425
700 449
707 474
699 485
671 470
670 452
668 433
667 419
638 417
558 379
549 355
538 339
529 339
528 305
547 274
563 239
576 233
604 197
616 185
631 157
657 144
678 123
659 87
677 73
648 43
629 47
586 70
505 50
478 42
418 18
390 2
337 0
270 10
242 16
269 61
212 43
177 39
153 29
116 43
86 55
68 63
51 72
50 80
18 59
