2166 1069
0 21
29 60
42 77
63 108
142 175
185 176
245 187
264 188
292 197
352 192
365 180
370 150
319 172
234 164
197 154
149 156
154 133
201 115
213 124
235 126
238 121
235 104
264 113
273 133
273 144
297 135
330 140
336 134
366 122
345 120
304 128
304 116
293 107
321 88
285 97
278 85
287 76
321 76
338 64
315 68
289 72
277 71
272 86
273 102
268 106
241 98
247 84
253 68
265 61
252 48
253 34
267 21
245 5
227 23
207 28
192 40
171 52
161 64
142 82
165 109
173 116
149 130
125 128
117 116
109 105
87 86
85 77
94 60
101 49
88 22
69 3
57 0
53 2
58 19
69 44
78 56
79 66
57 53
21 25
8 18
